0.5 0.999912 2.637139e-005 0.007399147 0.0004304098
0.52 0.999976 1.382892e-005 0.006527779 0.0003365005
0.54 0.999976 1.382892e-005 0.006771127 0.0003079113
0.56 0.99992 2.515715e-005 0.006039322 0.0002765558
0.58 0.99996 1.783472e-005 0.005789452 0.00031668
0.6 0.999976 1.382892e-005 0.005474922 0.0002763325
0.62 0.999912 2.637139e-005 0.005231277 0.0002942564
0.64 0.999904 2.752976e-005 0.004704245 0.0002396327
0.66 0.999984 1.129706e-005 0.004380114 0.0002426737
0.68 0.999968 1.596006e-005 0.004251744 0.0002330355
0.7 0.9998721 3.72825e-005 0.003782088 0.0002064269
0.72 0.99996 1.783472e-005 0.004283346 0.0002102522
0.74 0.999904 2.752976e-005 0.003705794 0.0001763116
0.76 0.99996 1.783472e-005 0.003496364 0.0001954936
0.78 0.999912 2.637139e-005 0.006624141 0.0002575121
0.8 0.9998561 3.361195e-005 0.0062614 0.0002548723
0.82 0.999904 2.752976e-005 0.005762639 0.00020504
0.84 0.9997441 4.727492e-005 0.008370262 0.000249837
0.86 0.9998561 3.361195e-005 0.008259801 0.0002806646
0.88 0.9998561 3.361195e-005 0.0102963 0.0003031044
0.9 0.9997601 4.457873e-005 0.01298199 0.0002638933
0.92 0.9996721 5.260611e-005 0.01455175 0.0003129212
0.94 0.9996162 5.746402e-005 0.01668462 0.0003793844
0.96 0.9996402 5.477828e-005 0.0179207 0.0003228513
0.98 0.9993603 7.893778e-005 0.02175581 0.0003797906
1 0.9991444 8.510889e-005 0.0236946 0.0003952498
1.02 0.9990964 8.829812e-005 0.02695126 0.0004206296
1.04 0.9992883 7.789534e-005 0.02940982 0.000410836
1.06 0.9985686 0.000113708 0.0346247 0.0005266112
1.08 0.9984807 0.0001204915 0.03797253 0.0005421025
1.1 0.9983447 0.000126723 0.04200456 0.0004999416
1.12 0.997697 0.0001396751 0.04582538 0.0005882098
1.14 0.997697 0.0001459436 0.05091718 0.0006410727
1.16 0.9974811 0.0001545274 0.05732633 0.0006802382
1.18 0.9974971 0.0001522944 0.06385283 0.0008172994
1.2 0.9970013 0.0001883941 0.06607329 0.0007912329
1.22 0.9966975 0.0001795931 0.07404955 0.0008830908
1.24 0.9964656 0.0001770149 0.07984031 0.0007695539
1.26 0.9961457 0.000203588 0.08881143 0.0008718322
1.28 0.9951062 0.0002251299 0.0953242 0.0009304071
1.3 0.9942586 0.0002329058 0.0997685 0.0009401714
1.32 0.9939307 0.0002507559 0.1106755 0.0008779957
1.34 0.9931071 0.000278324 0.1181339 0.001119885
1.36 0.9929312 0.0002774823 0.1267046 0.00107941
1.38 0.9923154 0.0002915939 0.1362872 0.001122423
1.4 0.9915478 0.0002969945 0.1452931 0.001228502
1.42 0.9899965 0.0003219645 0.1551875 0.001185377
1.44 0.9899165 0.0003427699 0.1645373 0.001375536
1.46 0.9876615 0.0003752444 0.1754466 0.001321868
1.48 0.9870378 0.0003885881 0.1860158 0.001599268
1.5 0.9860862 0.0004204873 0.1975065 0.001477523
1.52 0.9846149 0.0004341016 0.2111151 0.001855838
1.54 0.984279 0.0004225146 0.2200592 0.001659505
1.56 0.9827837 0.000453508 0.2347299 0.001845479
1.58 0.9806807 0.0005339985 0.2509043 0.002035111
1.6 0.9789534 0.0005025349 0.2606627 0.002091992
1.62 0.9775301 0.0005541243 0.2757227 0.001992478
1.64 0.97765 0.0005355253 0.2936254 0.002631828
1.66 0.9739237 0.0005751051 0.3051666 0.002271201
1.68 0.9721405 0.0006100377 0.3225781 0.002901619
1.7 0.9701654 0.0006514472 0.3419855 0.003100949
1.72 0.9675106 0.0006996938 0.3554407 0.003688682
1.74 0.9635044 0.000799783 0.3763025 0.003088585
1.76 0.9606656 0.0009242287 0.3969262 0.00353815
1.78 0.9589944 0.0009315933 0.4207726 0.003987983
1.8 0.9570113 0.0009018684 0.4366442 0.00402514
1.82 0.9547723 0.000830187 0.4645677 0.0051771
1.84 0.9512698 0.0009459768 0.4829875 0.005058093
1.86 0.9497665 0.001062153 0.5101972 0.004976302
1.88 0.9427137 0.001086657 0.5325391 0.005405157
1.9 0.9391153 0.001220868 0.5622473 0.006612496
1.92 0.9300553 0.001359152 0.579868 0.006149811
1.94 0.9179727 0.001979727 0.6360219 0.008433735
1.96 0.9278963 0.001196865 0.6502414 0.008058618
1.98 0.9228026 0.00131939 0.6702596 0.007738317
2 0.9145823 0.001465826 0.6984511 0.007209851
2.02 0.9028675 0.001677188 0.7531888 0.01156835
2.04 0.8911847 0.001836096 0.8081632 0.01207738
2.06 0.877343 0.002334285 0.823876 0.01021913
2.08 0.8819809 0.002049501 0.8952693 0.01772013
2.1 0.881685 0.001976048 0.9182598 0.01868788
2.12 0.8740244 0.001953431 1.013986 0.02008807
2.14 0.8590951 0.002368745 1.056787 0.02455098
2.16 0.8402396 0.002637991 1.140094 0.02542151
2.18 0.8385763 0.002551628 1.166417 0.02718031
2.2 0.7597716 0.005115768 1.272962 0.02451376
2.22 0.7747169 0.004612552 1.297438 0.02857452
2.24 0.7785952 0.004416841 1.350749 0.02839682
2.26 0.613845 0.00877277 1.381724 0.02365995
2.28 0.7848404 0.003101256 1.425712 0.02149934
2.3 0.7249552 0.005478297 1.461241 0.02557762
2.32 0.6605601 0.005963492 1.478046 0.02059444
2.34 0.5284992 0.008970829 1.443669 0.01624033
2.36 0.5158489 0.007793727 1.470612 0.01810448
2.38 0.5674178 0.007022657 1.402731 0.01857457
2.4 0.5138018 0.007374955 1.342942 0.0157863
2.42 0.5263962 0.00739241 1.28812 0.01417048
2.44 0.4443129 0.006610436 1.203257 0.01631954
2.46 0.5938779 0.005957518 1.130429 0.01650179
2.48 0.3931039 0.007485107 1.1016 0.01448904
2.5 0.4873417 0.006911274 1.050244 0.01349195
2.52 0.419596 0.006998861 0.9504702 0.01130405
2.54 0.3399277 0.006559286 0.9134054 0.01321537
2.56 0.359415 0.007003807 0.8845177 0.01146361
2.58 0.3962065 0.006515571 0.8321004 0.01044497
2.6 0.3380166 0.007056823 0.7844338 0.01074365
2.62 0.261251 0.005430237 0.7352988 0.008697394
2.64 0.2554536 0.00566827 0.7072853 0.009553417
2.66 0.270151 0.005622796 0.6792635 0.009675947
2.68 0.2369578 0.005365103 0.6565442 0.00780811
2.7 0.2175026 0.005131427 0.6341043 0.007199753
2.72 0.2063875 0.004874429 0.6132774 0.006171547
2.74 0.2372537 0.004926412 0.5820306 0.006488806
2.76 0.194305 0.00414154 0.5608676 0.005291671
2.78 0.2259148 0.004849485 0.5439612 0.004980488
2.8 0.1784081 0.004167613 0.5282382 0.004565821
2.82 0.176441 0.004082947 0.5143999 0.004394274
2.84 0.2372377 0.005035196 0.4960166 0.004632861
2.86 0.1936972 0.00453884 0.4800014 0.003778173
2.88 0.1979593 0.00467588 0.4662937 0.00390292
2.9 0.1925937 0.004338863 0.4536073 0.003426824
2.92 0.1870682 0.004187551 0.443021 0.003480533
2.94 0.180751 0.004241501 0.4338288 0.003152536
2.96 0.1850851 0.004100538 0.4208697 0.003044763
2.98 0.1735942 0.004051428 0.410862 0.00289122
3 0.1670771 0.00359714 0.4051212 0.003004792
3.02 0.1620074 0.003700842 0.3941798 0.003044558
3.04 0.1658297 0.004239919 0.3861764 0.00273577
3.06 0.1460466 0.003506094 0.3733325 0.002489376
3.08 0.1790478 0.004195868 0.3617069 0.002545523
3.1 0.1598164 0.00377604 0.3561606 0.00223831
3.12 0.1618235 0.003531989 0.3516131 0.002573205
3.14 0.1279987 0.003122466 0.3439994 0.002322086
3.16 0.1412647 0.003213301 0.3355092 0.002194037
3.18 0.1455668 0.003519397 0.3300504 0.002193665
3.2 0.1401212 0.003370136 0.3259104 0.001735113
3.22 0.1478218 0.003692223 0.3142502 0.001840053
3.24 0.1477178 0.003230293 0.309004 0.001894435
3.26 0.122665 0.00320267 0.3057614 0.001737716
3.28 0.1373625 0.003305468 0.2975778 0.001724093
3.3 0.1596005 0.003554363 0.2949397 0.001706401
3.32 0.1325566 0.003055541 0.2901375 0.00175109
3.34 0.1403291 0.003258455 0.2837945 0.001440166
3.36 0.131589 0.003346642 0.2801266 0.001517631
3.38 0.1303896 0.002956048 0.2726373 0.001551468
3.4 0.1258796 0.002962493 0.2683134 0.001742493
3.42 0.1343478 0.003057229 0.2623626 0.001549273
3.44 0.120498 0.003004766 0.25998 0.001487393
3.46 0.1351155 0.003087996 0.2563161 0.001571191
3.48 0.1288863 0.002902625 0.2494299 0.001320625
3.5 0.1242963 0.002899251 0.2481318 0.001459943
3.52 0.1277588 0.002877368 0.242171 0.001415758
3.54 0.1198823 0.002859128 0.2405807 0.00128951
3.56 0.120642 0.002857251 0.2345323 0.001336418
3.58 0.1158521 0.002718952 0.2326099 0.001311069
3.6 0.1233128 0.002870117 0.2265517 0.001408034
3.62 0.1178592 0.002755027 0.2264435 0.001293534
3.64 0.1110063 0.002621477 0.2214762 0.001318588
3.66 0.1174434 0.002807471 0.2158232 0.001261757
3.68 0.1247361 0.002981301 0.2136482 0.001166565
3.7 0.1080876 0.002624829 0.2105075 0.0009929991
3.72 0.09608495 0.002285363 0.2082391 0.001108796
3.74 0.1130933 0.002708032 0.204629 0.001148198
3.76 0.1178752 0.002717681 0.2011064 0.00118642
3.78 0.1192506 0.002861934 0.199565 0.001059655
3.8 0.0995634 0.002419046 0.1954525 0.00103677
3.82 0.1142288 0.002814101 0.1926912 0.001018796
3.84 0.1141409 0.002687444 0.1916523 0.000988703
3.86 0.1033457 0.002652547 0.1883983 0.0009771234
3.88 0.1132773 0.002673319 0.1840439 0.0009894478
3.9 0.1086873 0.002583752 0.1832396 0.001036892
3.92 0.09853985 0.002373061 0.1807159 0.0008537424
3.94 0.1011707 0.002476419 0.1780967 0.00090977
3.96 0.104945 0.002454026 0.1751115 0.0008846757
3.98 0.1063763 0.002658554 0.1725321 0.0009703002
4 0.09471757 0.002246268 0.1702737 0.0008536481
4.02 0.1002511 0.002434938 0.1694399 0.0008588869
4.04 0.1030338 0.002420146 0.1670386 0.0008130706
4.06 0.1000752 0.002314636 0.1643571 0.000749475
4.08 0.107088 0.002547788 0.1626931 0.0008233352
4.1 0.09615692 0.002278828 0.1594876 0.0007615027
4.12 0.1095829 0.002556795 0.1580686 0.0007744154
4.14 0.1038655 0.002396513 0.1547209 0.000813669
4.16 0.1020423 0.00250573 0.1550564 0.0007797694
4.18 0.1019623 0.002524126 0.1535265 0.000745739
4.2 0.1006189 0.002485095 0.1499869 0.0007652817
4.22 0.0948695 0.002311116 0.1487756 0.000686483
4.24 0.1019463 0.002464164 0.1472231 0.0008282755
4.26 0.09550122 0.002282328 0.1440784 0.0007652219
4.28 0.09071136 0.002193588 0.1429195 0.0006763794
4.3 0.09778019 0.002379119 0.142437 0.0007506095
4.32 0.09127911 0.002197535 0.1404545 0.0006641891
4.34 0.09567714 0.002165916 0.1379165 0.0006698096
4.36 0.0968846 0.002293017 0.1372529 0.0006352584
4.38 0.08819249 0.002177532 0.1346716 0.000688142
4.4 0.09487749 0.002383102 0.1332193 0.000628119
4.42 0.09401388 0.002221708 0.1330125 0.0007340977
4.44 0.09135907 0.002131484 0.1308532 0.0005858251
4.46 0.09594102 0.002346607 0.1288703 0.0006759605
4.48 0.09380597 0.002259196 0.1269364 0.0005562794
4.5 0.09406186 0.002245035 0.126422 0.0006479046
4.52 0.09378199 0.002311366 0.1251488 0.0006322559
4.54 0.09669268 0.002300765 0.1232266 0.0005823395
4.56 0.09528531 0.002271746 0.1228723 0.000590807
4.58 0.09131909 0.002104037 0.1219902 0.000673273
4.6 0.09325422 0.002357331 0.1197755 0.0005977102
4.62 0.0857056 0.002046242 0.1173817 0.0005194722
4.64 0.09365404 0.002201178 0.1174115 0.0005596999
4.66 0.08537775 0.00209086 0.1154676 0.0005242718
4.68 0.08716895 0.002130887 0.1141357 0.000637547
4.7 0.0872809 0.002107979 0.1139581 0.0005912555
4.72 0.08980777 0.002152124 0.1127009 0.0005011089
4.74 0.08378646 0.002031797 0.1117478 0.0004996663
4.76 0.08417029 0.002014637 0.1102405 0.0005431089
4.78 0.08898414 0.00208822 0.1093418 0.0005056599
4.8 0.08822448 0.002144804 0.1083598 0.0005279372
4.82 0.08786464 0.002111562 0.1067839 0.0005629189
4.84 0.08400237 0.002038789 0.1051351 0.000515619
4.86 0.08568961 0.002050859 0.1045455 0.0004858761
4.88 0.08522582 0.002070082 0.1030989 0.0004734146
4.9 0.08354657 0.002067464 0.1029132 0.0005551303
4.92 0.08376247 0.002112209 0.1015882 0.0004621196
4.94 0.09087929 0.00221847 0.1009392 0.0004747734
4.96 0.08004414 0.001957 0.09902016 0.0005544411
4.98 0.08423426 0.002073657 0.09903313 0.0005123418
5 0.08490596 0.00200804 0.09716617 0.0005232369
5.02 0.08098772 0.001846269 0.09640817 0.0004553174
5.04 0.08472204 0.00203119 0.09564038 0.0004758547
5.06 0.08421827 0.001996251 0.09491859 0.0004432254
5.08 0.08688108 0.002069138 0.09408359 0.0004014684
5.1 0.07936444 0.001997191 0.09267058 0.0004785869
5.12 0.0868411 0.002071519 0.0923631 0.0004237612
5.14 0.08206723 0.002019253 0.09147945 0.0004356741
5.16 0.08477802 0.002035547 0.09068083 0.0005100255
5.18 0.08175537 0.001975795 0.08967701 0.0004318736
5.2 0.07846885 0.001872171 0.08860521 0.0004117294
5.22 0.08185933 0.001937276 0.08806925 0.000464442
5.24 0.07549418 0.001817496 0.08698731 0.0004108451
5.26 0.08143552 0.001965274 0.08563929 0.0003651309
5.28 0.08150748 0.001853373 0.08613031 0.0003733539
5.3 0.07998017 0.001874353 0.08519732 0.0003768756
5.32 0.07412679 0.001773729 0.08348722 0.0003872673
5.34 0.07843686 0.001871801 0.08436241 0.0004454579
5.36 0.07934845 0.001878512 0.08273066 0.0003997125
5.38 0.08005214 0.001992369 0.08199789 0.0003508072
5.4 0.07491844 0.001859376 0.08121705 0.0003804854
5.42 0.07837289 0.00186805 0.08114076 0.0003767013
5.44 0.08119562 0.001897681 0.08029837 0.0004241152
5.46 0.07874072 0.001869776 0.07876264 0.0003897459
5.48 0.07997217 0.001921178 0.07841527 0.0003518098
5.5 0.08386643 0.002028449 0.07799439 0.0003731723
5.52 0.07962833 0.001975387 0.07643096 0.0003640573
5.54 0.07866876 0.001900311 0.07616977 0.0003473173
5.56 0.07407881 0.001763059 0.07622092 0.0003841327
5.58 0.08055591 0.001886941 0.07568703 0.000341138
5.6 0.0783409 0.001834237 0.07404948 0.0003213747
5.62 0.07888466 0.001888945 0.07378939 0.0003552435
5.64 0.07778915 0.001776036 0.07312313 0.0003322559
5.66 0.0790206 0.001877493 0.07323335 0.0003418588
5.68 0.07706947 0.001854275 0.07216362 0.0003205879
5.7 0.07870074 0.001880922 0.07159117 0.0003282766
5.72 0.07817298 0.00184757 0.07103173 0.0003213714
5.74 0.07337513 0.001764019 0.07047523 0.0003061179
5.76 0.07206372 0.001746406 0.07000322 0.0003478181
5.78 0.07689355 0.001876242 0.06977856 0.0003192881
5.8 0.0747825 0.001820466 0.06812578 0.0003385368
5.82 0.07798906 0.001906784 0.0685756 0.000274633
5.84 0.07662167 0.001813192 0.0680938 0.0002799878
5.86 0.0805799 0.001898144 0.06700594 0.0002960443
5.88 0.07926849 0.001851029 0.06693746 0.0002876536
5.9 0.07549418 0.001908854 0.06624189 0.0002720775
5.92 0.07779715 0.001836867 0.06549623 0.0002840813
5.94 0.07358303 0.001772028 0.06523654 0.0003089135
5.96 0.0770135 0.001812935 0.0646743 0.0002571025
5.98 0.07227162 0.001855437 0.06486956 0.0003085107
6 0.07331915 0.001792862 0.06431293 0.0003022202
