0.5 0.9999392 7.049975e-006 0.007739724 0.0001189238
0.52 0.9999424 6.783519e-006 0.007219224 0.0001301409
0.54 0.9999448 6.551794e-006 0.006590329 0.0001116989
0.5599999 0.9999536 6.020803e-006 0.006207326 0.0001163622
0.5799999 0.9999544 5.969926e-006 0.005814167 0.0001024826
0.5999999 0.9999368 6.995711e-006 0.005428084 8.112277e-005
0.6199999 0.999944 6.694042e-006 0.005028749 7.996322e-005
0.6399999 0.999944 6.694042e-006 0.004849099 8.50323e-005
0.6599998 0.9999496 6.469413e-006 0.004519983 7.341486e-005
0.6799998 0.999944 6.694042e-006 0.004259666 6.922879e-005
