0.5 0.999936 2.226621e-005 0.007599604 0.0004658354
0.52 0.999936 2.226621e-005 0.006684023 0.0003956517
0.54 0.999968 1.587746e-005 0.006842377 0.0003131948
0.56 0.999936 2.226621e-005 0.005880687 0.0003211622
0.58 0.999976 1.37789e-005 0.005645918 0.0002893366
0.6 0.999952 1.936464e-005 0.005372858 0.0002787815
0.62 0.999968 1.587746e-005 0.005265004 0.000284098
0.64 0.999944 2.087221e-005 0.004537802 0.0002849364
0.66 0.99996 1.771451e-005 0.004471389 0.0002370543
0.68 0.99996 1.771451e-005 0.004313642 0.000209823
0.7 0.9998719 3.663876e-005 0.003686904 0.0002271088
0.72 0.99996 2.102265e-005 0.0039485 0.0001935924
0.74 0.9998639 3.183338e-005 0.003569739 0.0002045046
0.76 0.99992 2.478867e-005 0.003464599 0.0002009209
0.78 0.9999119 2.594296e-005 0.006381395 0.0002195057
0.8 0.9998639 3.183338e-005 0.006240882 0.0002442827
0.82 0.9998879 2.907858e-005 0.005428972 0.0002071331
0.84 0.9998319 3.684958e-005 0.00805652 0.0002656937
0.86 0.9998239 3.922781e-005 0.008241366 0.0003036843
0.88 0.9998479 3.350529e-005 0.01045683 0.0002866756
0.9 0.9997679 4.351541e-005 0.01300251 0.0003297371
0.92 0.9996798 5.396e-005 0.01463972 0.0003931003
0.94 0.9995918 5.679336e-005 0.01567842 0.0003879471
0.96 0.9995918 6.008268e-005 0.01780554 0.0003821974
0.98 0.9993596 7.326318e-005 0.02163185 0.000450834
1 0.9992236 8.258281e-005 0.02367571 0.0004256303
1.02 0.9990394 9.368596e-005 0.02659064 0.0005637179
1.04 0.9991355 8.17085e-005 0.02874335 0.0006062304
1.06 0.9988553 0.0001077483 0.03495926 0.0006471409
1.08 0.9987113 0.0001064241 0.03724134 0.0006506216
1.1 0.9985352 0.0001102633 0.04249602 0.0006512495
1.12 0.9977507 0.0001375744 0.04561105 0.0006899619
1.14 0.9976707 0.0001471514 0.05199685 0.0008006484
1.16 0.9977587 0.0001287445 0.05586549 0.0008755122
1.18 0.9974465 0.0001458392 0.06334896 0.0008647828
1.2 0.9974705 0.0001755099 0.06520544 0.0008599993
1.22 0.996486 0.000183087 0.07317822 0.0009454003
1.24 0.9967181 0.0001562572 0.07823772 0.001012649
1.26 0.9953093 0.000217843 0.08863045 0.001154575
1.28 0.9949651 0.0002500106 0.09500613 0.00135084
1.3 0.9949811 0.0002087064 0.09838898 0.001338998
1.32 0.9935083 0.000267577 0.1091087 0.001495558
1.34 0.9935403 0.0002561409 0.1172877 0.001516819
1.36 0.9931561 0.0002736823 0.124312 0.001535692
1.38 0.9925557 0.0002983614 0.1336806 0.00163014
1.4 0.9915151 0.0002955297 0.1440834 0.001716421
1.42 0.9905305 0.0003199231 0.15636 0.001981092
1.44 0.9900423 0.0003066549 0.162932 0.002167806
1.46 0.9883853 0.0003069335 0.1704868 0.002168947
1.48 0.9864962 0.0004052573 0.185972 0.002486132
1.5 0.9873447 0.0003502781 0.1928102 0.002159533
1.52 0.9839508 0.000458678 0.207548 0.002645616
1.54 0.9834064 0.0004387955 0.2174309 0.00266108
1.56 0.9821417 0.0005279391 0.2302644 0.003073955
1.58 0.9824299 0.0004861769 0.2515975 0.003950179
1.6 0.9792841 0.0005111826 0.2536917 0.002988372
1.62 0.9781074 0.0005103114 0.2697489 0.003918769
1.64 0.9772429 0.0005397856 0.2898471 0.003492401
1.66 0.9743452 0.0006221255 0.3096784 0.004626534
1.68 0.9716877 0.00060587 0.3201716 0.005084503
1.7 0.9692303 0.0006903134 0.3370948 0.004150675
1.72 0.9676053 0.0006954893 0.3465668 0.00512134
1.74 0.9620822 0.0008027468 0.3746454 0.004941593
1.76 0.9588403 0.0008715353 0.4038779 0.005908406
1.78 0.9588563 0.0008921084 0.4213113 0.006178002
1.8 0.9563669 0.0008549871 0.4488537 0.006836248
1.82 0.954782 0.0008141673 0.4485926 0.006398564
1.84 0.9508757 0.0009964178 0.4802939 0.007440293
1.86 0.9456327 0.0009281015 0.5009809 0.007202875
1.88 0.9474017 0.0009514319 0.5204173 0.01102226
1.9 0.9432793 0.0009003529 0.5368811 0.00861785
1.92 0.9317847 0.001168472 0.5627994 0.008987292
1.94 0.9264777 0.001730662 0.5969679 0.009421415
1.96 0.9267738 0.001379234 0.6486891 0.01306578
1.98 0.9191134 0.001476437 0.6654431 0.01575914
2 0.9223873 0.001205145 0.6969196 0.01393312
2.02 0.9032643 0.002033215 0.7403217 0.01362588
2.04 0.9056176 0.001460999 0.755304 0.01509645
2.06 0.8971327 0.002004034 0.8291324 0.01807329
2.08 0.892282 0.00160291 0.8719311 0.01770213
2.1 0.876681 0.002663759 0.9195341 0.02225501
2.12 0.861064 0.002418963 0.9545568 0.0217302
2.14 0.8522909 0.001956551 0.9431961 0.01866
2.16 0.8539799 0.002392913 1.073828 0.02632258
2.18 0.7589732 0.006430642 1.151475 0.03168742
2.2 0.8340004 0.003015327 1.164717 0.03146686
2.22 0.765697 0.004756225 1.187779 0.03488991
2.24 0.7903753 0.003883117 1.24598 0.03522941
2.26 0.6706663 0.005168931 1.347585 0.03764302
2.28 0.1907659 0.008701618 1.3181 0.04342246
2.3 0.7658811 0.003697834 1.306673 0.04436838
2.32 0.2878378 0.008400506 1.274772 0.04172832
2.34 0.517434 0.009581872 1.238259 0.03806093
2.36 0.55211 0.005738815 1.199374 0.04168002
2.38 0.1935675 0.005855903 1.043672 0.02935506
2.4 0.2694992 0.01092606 1.05845 0.03222733
2.42 0.222248 0.008420106 0.9527629 0.02585517
2.44 0.2582447 0.007412287 0.8826429 0.02455036
2.46 0.1427862 0.007147679 0.9131602 0.02578659
2.48 0.2284436 0.006338816 0.8506376 0.01982019
2.5 0.142346 0.006742313 0.8245839 0.01815639
2.52 0.2644883 0.005293217 0.7717488 0.01663909
2.54 0.234431 0.005019439 0.7509321 0.01596985
2.56 0.1758133 0.007941082 0.7086962 0.01299245
2.58 0.1797355 0.009511916 0.7015033 0.01407417
2.6 0.2572762 0.00958232 0.6680561 0.01279883
2.62 0.1061571 0.004521221 0.6697455 0.01326174
2.64 0.1393443 0.005638787 0.6169201 0.01013367
2.66 0.1373591 0.005830961 0.622425 0.01018731
2.68 0.1295146 0.006716371 0.608792 0.009884103
2.7 0.1324203 0.006797395 0.5740902 0.009550668
2.72 0.1784868 0.007303258 0.5592094 0.00946596
2.74 0.1592277 0.007628981 0.5496835 0.008400085
2.76 0.09691983 0.004842805 0.5334047 0.008234318
2.78 0.126665 0.00526094 0.5333003 0.009052336
2.8 0.140561 0.005755497 0.4901082 0.007598504
2.82 0.1238553 0.005550176 0.4864952 0.007286423
2.84 0.1200532 0.004596325 0.4756869 0.007111875
2.86 0.1178119 0.00478067 0.4537564 0.006044716
2.88 0.08973969 0.00403647 0.449133 0.006319161
2.9 0.08637775 0.004421912 0.4483934 0.006134289
2.92 0.09751217 0.004527969 0.4303221 0.006230234
2.94 0.1034676 0.004660717 0.4253331 0.005580008
2.96 0.09696785 0.004608902 0.408296 0.005564951
2.98 0.07092085 0.003561884 0.3936882 0.005833975
3 0.09407819 0.003750073 0.405084 0.00597731
3.02 0.08884317 0.003863823 0.3871077 0.004709038
3.04 0.07196945 0.003531343 0.3782522 0.005102183
3.06 0.07044858 0.00332491 0.3700812 0.004030392
3.08 0.08503298 0.003749651 0.3600245 0.004754724
3.1 0.08620966 0.003499391 0.3609566 0.005030097
3.12 0.07103291 0.003264123 0.3622817 0.004531139
3.14 0.06254803 0.002919696 0.3370335 0.004200608
3.16 0.06238794 0.002735741 0.3302285 0.00414343
3.18 0.07542745 0.003501187 0.3162282 0.003487312
3.2 0.081599 0.003635927 0.3221328 0.003477793
3.22 0.05238217 0.002442286 0.3121313 0.004021068
3.24 0.0559042 0.002703299 0.3086347 0.003919199
3.26 0.07330622 0.003841035 0.3021489 0.003788364
3.28 0.06699059 0.003126691 0.2915302 0.00293275
3.3 0.05732902 0.003058387 0.2923299 0.002467774
3.32 0.06382877 0.002846369 0.2876264 0.003781114
3.34 0.06311636 0.002803519 0.2828113 0.002992205
3.36 0.08323995 0.003798975 0.275868 0.002973691
3.38 0.05415119 0.002622638 0.2687755 0.002932302
3.4 0.05323066 0.002326909 0.2673944 0.002681335
3.42 0.06986424 0.003257327 0.2674043 0.003206337
3.44 0.06123527 0.003141845 0.2605853 0.00252423
3.46 0.0498287 0.002485853 0.2534732 0.003194014
3.48 0.07022445 0.003264002 0.2418799 0.002607999
3.5 0.06740683 0.003279126 0.2429804 0.002406589
3.52 0.0571209 0.002742362 0.2427366 0.003056891
3.54 0.05587218 0.002833363 0.2393361 0.002662503
3.56 0.06949603 0.003255637 0.2315068 0.002507476
3.58 0.060771 0.002850729 0.2328365 0.002565767
3.6 0.05830558 0.0024919 0.2223967 0.00235446
3.62 0.05702485 0.002506307 0.219807 0.002470954
3.64 0.0551998 0.002741193 0.2189598 0.002204977
3.66 0.05192591 0.002661857 0.2162175 0.002607656
3.68 0.05344679 0.002809043 0.2110405 0.002128353
3.7 0.05875384 0.003277576 0.2086543 0.002238548
3.72 0.06281218 0.002954219 0.2124274 0.002324169
3.74 0.05123751 0.002550743 0.2041007 0.002207041
3.76 0.06775903 0.00322948 0.2014324 0.002076346
3.78 0.04439357 0.002003683 0.1972347 0.002093325
3.8 0.04755539 0.002145854 0.1974039 0.002078253
3.82 0.05110143 0.002603301 0.1969047 0.002188254
3.84 0.06001057 0.003057935 0.189946 0.00188345
3.86 0.05640049 0.002491638 0.1888809 0.002216541
3.88 0.05221408 0.002431712 0.1842416 0.001602265
3.9 0.0541592 0.002994347 0.1832392 0.001887549
3.92 0.04929239 0.00233164 0.1767979 0.001872696
3.94 0.04869205 0.002349675 0.1765396 0.001985374
3.96 0.05307857 0.002379045 0.1756233 0.001784263
3.98 0.0512215 0.002497344 0.171974 0.001822998
4 0.04849193 0.002260828 0.1694874 0.001309059
4.02 0.05303855 0.002555967 0.1693479 0.001578577
4.04 0.05588019 0.002585948 0.1669044 0.001743321
4.06 0.04894019 0.002343358 0.1641888 0.001725227
4.08 0.04874007 0.002358394 0.1619754 0.001754457
4.1 0.05007684 0.002383738 0.161046 0.00156033
4.12 0.0449619 0.002171108 0.1556409 0.001533854
4.14 0.04723521 0.002412254 0.1553361 0.001574309
4.16 0.04224033 0.002172615 0.1551797 0.001403869
4.18 0.04555424 0.002160258 0.1532052 0.001582874
4.2 0.04337699 0.002060722 0.1478554 0.001458367
4.22 0.04481782 0.0024144 0.1462906 0.001332081
4.24 0.0507012 0.002310847 0.1478459 0.001574603
4.26 0.04312884 0.001824004 0.1439452 0.001478881
4.28 0.05142962 0.00239981 0.1434377 0.001432272
4.3 0.0491403 0.002422328 0.1418688 0.001324134
4.32 0.04803567 0.002283614 0.1391682 0.001385174
4.34 0.04673892 0.002156731 0.1369263 0.001276671
4.36 0.05367892 0.002501501 0.1369539 0.001341573
4.38 0.04005507 0.001974544 0.1331669 0.001137831
4.4 0.04342501 0.001975821 0.1342725 0.001332919
4.42 0.03944672 0.001939637 0.1309586 0.001414322
4.44 0.04417745 0.002039991 0.1288499 0.001150132
4.46 0.04515401 0.002211556 0.1283807 0.001314333
4.48 0.05334273 0.002430534 0.1280051 0.001258006
4.5 0.05098137 0.002325783 0.1256621 0.001187456
4.52 0.0446097 0.002172699 0.1257153 0.001312343
4.54 0.04527408 0.002134517 0.1212936 0.001130547
4.56 0.04603452 0.00231121 0.1222532 0.001133845
4.58 0.04314485 0.001907417 0.1210151 0.001193584
4.6 0.05306256 0.002502438 0.1198618 0.001056263
4.62 0.0517418 0.002542204 0.1182754 0.001012389
4.64 0.05070921 0.002403552 0.1167758 0.001003248
4.66 0.04229636 0.00214576 0.1173378 0.001218247
4.68 0.04609055 0.002201234 0.112888 0.00107982
4.7 0.04352907 0.001976765 0.1129509 0.001240294
4.72 0.03765369 0.001954716 0.1107013 0.001159019
4.74 0.04190414 0.001972946 0.1115084 0.001149656
4.76 0.04047932 0.002060913 0.1091998 0.001089873
4.78 0.04543417 0.002149073 0.1089177 0.001079933
4.8 0.04440158 0.002028402 0.1079552 0.001069055
4.82 0.04025519 0.001817347 0.1058667 0.001060881
4.84 0.05022893 0.00240263 0.1052057 0.001010534
4.86 0.05062916 0.002215955 0.1043813 0.0009912371
4.88 0.03867027 0.001776251 0.1033315 0.0008488169
4.9 0.03782179 0.001849438 0.1019838 0.0009032528
4.92 0.04216829 0.0019685 0.1022686 0.0009226905
4.94 0.04490587 0.002095343 0.1005319 0.0009719511
4.96 0.048612 0.002229453 0.09849898 0.0008719386
4.98 0.04604252 0.002271246 0.09830876 0.0009833248
5 0.04753938 0.002191112 0.09536519 0.0009238889
5.02 0.04796363 0.002051277 0.0947941 0.001012986
5.04 0.03736552 0.001838062 0.09534914 0.000877928
5.06 0.04120774 0.001992001 0.09317087 0.0008169772
5.08 0.04179207 0.002003016 0.09343844 0.0009216566
5.1 0.03903048 0.001836634 0.0930024 0.0009061487
5.12 0.04383325 0.002080771 0.09206386 0.000895866
5.14 0.03650903 0.001842729 0.09127917 0.0007399921
5.16 0.03607678 0.001862217 0.09000648 0.0009759634
5.18 0.04038326 0.001999574 0.08816927 0.0006952519
5.2 0.03868628 0.002132113 0.08963924 0.0008101649
5.22 0.04081551 0.001814072 0.08808327 0.0007942054
5.24 0.0404553 0.001874821 0.08616843 0.0008379769
5.26 0.04222432 0.001801154 0.08533248 0.0007555754
5.28 0.0484439 0.002245126 0.08587402 0.0009596372
5.3 0.04057537 0.00188094 0.08461314 0.0007604293
5.32 0.0394147 0.001983433 0.0839977 0.0008184193
5.34 0.03810995 0.001859086 0.08377783 0.0008434306
5.36 0.04320088 0.001949111 0.08396981 0.0007194656
5.38 0.0402792 0.002070261 0.08120397 0.0008560609
5.4 0.03929463 0.00194335 0.08013428 0.0007905653
5.42 0.04075948 0.00199255 0.08067647 0.0007181429
5.44 0.03962282 0.002060249 0.07912818 0.0006635498
5.46 0.03913454 0.001945444 0.07803134 0.0007061636
5.48 0.04019115 0.001903138 0.0784857 0.0008367285
5.5 0.04292072 0.001888373 0.07758776 0.0008062765
5.52 0.04075948 0.001937741 0.07615799 0.0006499567
5.54 0.04137583 0.001880431 0.07611807 0.0006764995
5.56 0.03890241 0.001751133 0.07525855 0.0007123203
5.58 0.04015913 0.001894948 0.07519553 0.0006768136
5.6 0.03716541 0.001844656 0.07402796 0.0005923175
5.62 0.03586866 0.001695023 0.0745762 0.0007592597
5.64 0.04239242 0.002118316 0.0731126 0.0007087242
5.66 0.03956679 0.001840621 0.07234975 0.0006488763
5.68 0.03773373 0.001738587 0.07280367 0.0006313962
5.7 0.04087955 0.001980034 0.07086583 0.0006105308
5.72 0.04198418 0.001942879 0.07112208 0.0005813815
5.74 0.03626089 0.001764467 0.06962163 0.00066966
5.76 0.03719743 0.0017061 0.06949229 0.0006340635
5.78 0.0390545 0.001711808 0.06890683 0.0005907023
5.8 0.0340276 0.001695911 0.06886407 0.0006452389
5.82 0.04098361 0.002056701 0.06717788 0.0006325706
5.84 0.03921459 0.002158093 0.0674445 0.0006429328
5.86 0.04090356 0.001801254 0.06738553 0.0006272048
5.88 0.03652504 0.001894966 0.06544604 0.0005350761
5.9 0.03795786 0.001828032 0.06610324 0.0005670057
5.92 0.03527632 0.001688576 0.06528029 0.0006127368
5.94 0.03831807 0.001937274 0.06426204 0.0005768625
5.96 0.03707736 0.001774172 0.06446529 0.0005487559
5.98 0.03526031 0.001681889 0.06385299 0.0006235392
6 0.03931865 0.001723164 0.06416267 0.000539232
