0.5 0.9999415 1.817428e-006 0.007446508 6.936777e-005
0.52 0.9999392 1.860362e-006 0.007170154 2.755387e-005
0.54 0.9999408 1.815535e-006 0.006360739 3.025354e-005
0.56 0.9999356 1.923058e-006 0.00662766 7.861325e-005
0.58 0.9999365 1.920923e-006 0.006127633 3.088046e-005
0.6 0.9999408 1.858737e-006 0.005400716 3.701494e-005
0.62 0.9999404 1.838946e-006 0.004935215 2.582285e-005
0.64 0.9999421 1.82594e-006 0.004558713 3.483616e-005
0.66 0.9999365 1.947588e-006 0.0048563 4.785771e-005
0.68 0.9999356 1.930807e-006 0.004477411 2.708912e-005
0.7 0.9999366 1.90005e-006 0.004071603 1.605363e-005
0.72 0.9999376 1.886974e-006 0.003827888 2.52363e-005
0.74 0.9999384 1.950444e-006 0.003821344 1.534072e-005
0.76 0.9999361 1.92023e-006 0.003569356 1.915426e-005
0.78 0.9998775 2.64241e-006 0.006360798 2.153627e-005
0.8 0.9998771 2.661846e-006 0.006119125 2.984682e-005
0.82 0.9998763 2.692212e-006 0.005922862 1.592303e-005
0.84 0.9998083 3.365169e-006 0.008745216 2.924056e-005
0.86 0.9998061 3.384268e-006 0.008465447 3.517215e-005
0.88 0.9997442 3.871299e-006 0.01052461 4.945409e-005
0.9 0.9996807 4.397359e-006 0.01293196 4.190167e-005
0.92 0.9996109 4.808812e-006 0.01463587 4.343723e-005
0.94 0.9995512 5.201468e-006 0.01636529 5.975325e-005
0.96 0.9994637 5.736988e-006 0.01893115 7.646494e-005
0.98 0.9993404 6.224931e-006 0.02132613 6.612226e-005
1 0.9992785 6.684189e-006 0.02353068 8.737616e-005
1.02 0.9991309 7.361263e-006 0.0270445 3.533491e-005
1.04 0.9989934 7.825425e-006 0.0293405 6.90513e-005
1.06 0.9988121 8.674638e-006 0.03482592 0.0001077422
1.08 0.9986501 9.352113e-006 0.0384031 7.794632e-005
1.1 0.9984444 1.004994e-005 0.04250785 0.0001827179
1.12 0.9982181 1.065294e-005 0.04555265 0.0001732521
1.14 0.9979268 1.169974e-005 0.05229211 0.0001144709
1.16 0.99759 1.284267e-005 0.05987492 0.0001604042
1.18 0.9973046 1.338448e-005 0.06264895 0.0002734439
1.2 0.9970005 1.421571e-005 0.06801519 0.0001191638
1.22 0.9966128 1.519944e-005 0.07417175 0.0002535666
1.24 0.9962317 1.599511e-005 0.07944937 0.0001150272
1.26 0.9957067 1.749515e-005 0.08805567 0.0001626912
1.28 0.9952437 1.826494e-005 0.09312506 0.0002658468
1.3 0.9947588 1.994904e-005 0.1065446 0.0004455793
1.32 0.9942097 2.056678e-005 0.1103622 0.0003589399
1.34 0.9935608 2.217338e-005 0.1203743 0.0002954393
1.36 0.9928635 2.302199e-005 0.1261603 0.0001902981
1.38 0.9921128 2.445276e-005 0.1330303 0.000250995
1.4 0.9912456 2.629663e-005 0.1500541 0.0007971244
1.42 0.9904156 2.794375e-005 0.1592839 0.0003875233
1.44 0.9896628 2.821981e-005 0.1572098 0.0002645826
1.46 0.9886419 3.024713e-005 0.1722399 0.0003319098
1.48 0.9876276 3.225209e-005 0.1877014 0.0006337374
1.5 0.9865464 3.340315e-005 0.191475 0.0003977528
1.52 0.9853069 3.584789e-005 0.2101562 0.000327906
1.54 0.9839585 3.737033e-005 0.2199188 0.0006016915
1.56 0.9826777 3.944156e-005 0.2328261 0.0004177807
1.58 0.9809938 4.285457e-005 0.255996 0.001204368
1.6 0.9796075 4.472813e-005 0.2649306 0.0008567216
1.62 0.9779454 4.654157e-005 0.2791209 0.0009807297
1.64 0.9759902 5.120159e-005 0.307181 0.0006842574
1.66 0.9743001 5.139199e-005 0.3088727 0.0004609186
1.68 0.9720784 5.497035e-005 0.3266226 0.0006513297
1.7 0.9699059 5.80151e-005 0.3487883 0.0007516974
1.72 0.9677426 6.035289e-005 0.3501627 0.0006143988
1.74 0.9651016 6.585515e-005 0.3951761 0.00098171
1.76 0.9627485 6.782928e-005 0.3995233 0.001458743
1.78 0.9595848 7.266781e-005 0.4240727 0.002519522
1.8 0.9568626 7.471016e-005 0.4243441 0.001330039
1.82 0.9535761 8.240827e-005 0.4561471 0.0008607404
1.84 0.9502775 8.779455e-005 0.5002861 0.001793399
1.86 0.9464018 9.017452e-005 0.4968787 0.001299728
1.88 0.9422449 9.583584e-005 0.52683 0.002365889
1.9 0.9382015 0.0001036985 0.5633494 0.003546614
1.92 0.9334989 0.0001104896 0.599328 0.002781233
1.94 0.9286673 0.0001253214 0.620829 0.001326892
1.96 0.9233493 0.0001254633 0.6644399 0.001163554
1.98 0.9171942 0.0001381765 0.7247887 0.00183315
2 0.9114222 0.000143814 0.719741 0.002275928
2.02 0.9040176 0.0001637453 0.7998729 0.001967905
2.04 0.8980471 0.0001744892 0.8193619 0.001486389
2.06 0.8873194 0.0001781076 0.7987524 0.003551758
2.08 0.8802525 0.0002013407 0.8874323 0.003998179
2.1 0.8667721 0.0002542655 0.9823268 0.005855255
2.12 0.8554485 0.0002703296 0.9909792 0.00269105
2.14 0.843676 0.0003210507 1.165474 0.005803604
2.16 0.8309837 0.000305262 1.110057 0.004208669
2.18 0.8130938 0.0003741129 1.168028 0.006042738
2.2 0.7924884 0.0004451985 1.307289 0.006593643
2.22 0.7689908 0.0005740431 1.497977 0.006457356
2.24 0.7308063 0.0006459391 1.58734 0.01475187
2.26 0.6136581 0.00189913 2.339667 0.02517762
2.28 0.529514 0.00217723 2.44539 0.02089834
2.3 0.4889157 0.001869853 1.832709 0.01178863
2.32 0.3658569 0.001840255 1.798544 0.01203486
2.34 0.2755652 0.001979647 1.801914 0.02626504
2.36 0.2050642 0.001483259 1.327534 0.01832571
2.38 0.1946129 0.001472446 1.313885 0.006495704
2.4 0.1529203 0.001252133 1.15218 0.01696035
2.42 0.1160001 0.0009917116 1.070687 0.003099328
2.44 0.1295418 0.001054014 0.9902886 0.005888919
2.46 0.1087771 0.0009403518 0.9492685 0.007148247
2.48 0.1073929 0.000783817 0.8996168 0.004452322
2.5 0.1025743 0.0008284394 0.8503688 0.006802451
2.52 0.09654569 0.0008099423 0.8730323 0.006997172
2.54 0.08670087 0.0007020185 0.8336675 0.003423845
2.56 0.08243363 0.000683414 0.7791688 0.002073506
2.58 0.08678484 0.0006795715 0.7230384 0.002188172
2.6 0.07573776 0.0006378776 0.7118041 0.002465493
2.62 0.07065958 0.0005471006 0.6760059 0.002636266
2.64 0.06573708 0.0005523507 0.6421281 0.002205573
2.66 0.06619493 0.000540874 0.6361763 0.002873712
2.68 0.0629905 0.0005260519 0.6086332 0.002205535
2.7 0.05712056 0.0004779695 0.6188255 0.002109992
2.72 0.06136526 0.0005129962 0.5781126 0.004638045
2.74 0.05598508 0.0004425317 0.5353214 0.001090331
2.76 0.05555766 0.000433261 0.5494037 0.00179334
2.78 0.05487151 0.0004607948 0.5382352 0.001891355
2.8 0.05675702 0.00044298 0.5170123 0.001181687
2.82 0.05449645 0.000441147 0.4951692 0.001212745
2.84 0.04906227 0.0004032712 0.4961413 0.001596013
2.86 0.04885248 0.0004045077 0.4527521 0.00197507
2.88 0.04825337 0.0004022061 0.451764 0.001146785
2.9 0.04441338 0.0003694922 0.4430613 0.001492606
2.92 0.04732825 0.0003880566 0.4342591 0.0008778173
2.94 0.0457645 0.0003663475 0.4446834 0.001963034
2.96 0.04343222 0.0003454948 0.421939 0.001591028
2.98 0.04448316 0.0003590427 0.411811 0.0007275771
3 0.04098133 0.0003385869 0.4094701 0.001407541
3.02 0.03977732 0.0003188923 0.4009542 0.0009270113
3.04 0.0416693 0.0003369514 0.3800845 0.000983976
3.06 0.03899573 0.0003214666 0.3754564 0.001038803
3.08 0.03994544 0.0003209849 0.362747 0.0007169376
3.1 0.03984852 0.0003226672 0.3571873 0.001494342
