0.5 0.999936 2.260568e-005 0.007499007 0.0003730545
0.52 0.999976 1.385197e-005 0.006677982 0.0003742216
0.54 0.999968 1.599283e-005 0.00724404 0.0003521532
0.56 0.999904 2.767198e-005 0.006323354 0.0003226419
0.58 0.999896 2.879821e-005 0.005813311 0.0003034684
0.6 0.99992 2.526743e-005 0.005589518 0.0003021045
0.62 0.999952 1.958211e-005 0.004931367 0.0002673179
0.64 0.999912 2.649731e-005 0.004785361 0.0002477243
0.66 0.999976 1.385197e-005 0.004325581 0.0002290393
0.68 0.999968 1.599283e-005 0.004187957 0.0002270996
0.7 0.999952 1.958211e-005 0.003918435 0.0002059266
0.72 0.999936 2.260568e-005 0.004106843 0.0002015392
0.74 0.999888 2.988148e-005 0.003693445 0.000192208
0.76 0.999944 2.114839e-005 0.003493758 0.0001897349
0.78 0.999824 3.74199e-005 0.006403818 0.0002407189
0.8 0.999808 3.907375e-005 0.006289658 0.0002600326
0.82 0.999824 4.069744e-005 0.005839107 0.0002129015
0.84 0.999824 4.069744e-005 0.008230422 0.0002502741
0.86 0.999768 4.292384e-005 0.008129439 0.0002816207
0.88 0.99988 3.09263e-005 0.01004144 0.0002750037
0.9 0.999736 4.714277e-005 0.01306201 0.0003041166
0.92 0.99972 4.845853e-005 0.01425408 0.0003628851
0.94 0.999688 5.098442e-005 0.01663596 0.0003450728
0.96 0.999728 4.780535e-005 0.01740419 0.0003315658
0.98 0.999368 7.218315e-005 0.02209928 0.0003715272
1 0.9989759 9.792229e-005 0.02414752 0.0004078405
1.02 0.9989199 0.0001025609 0.02629756 0.0004175442
1.04 0.9991679 8.437826e-005 0.02909839 0.0003826845
1.06 0.9988079 9.776226e-005 0.03413301 0.0004500016
1.08 0.9986879 0.0001046552 0.03718543 0.0004606788
1.1 0.9982479 0.0001266815 0.04149206 0.0004727507
1.12 0.9978239 0.0001437999 0.04588654 0.0005285907
1.14 0.9978239 0.0001406496 0.05151408 0.0005824835
1.16 0.9977919 0.0001405218 0.05779514 0.0006848151
1.18 0.9976158 0.0001473626 0.06281539 0.0006071356
1.2 0.9969758 0.0001650161 0.06614795 0.0006476979
1.22 0.9965998 0.0001746893 0.07425065 0.0006958023
1.24 0.9958797 0.000202888 0.08045294 0.0008408011
1.26 0.9952957 0.0002236546 0.08805435 0.0007390037
1.28 0.9954157 0.0002195324 0.09367869 0.0006813938
1.3 0.9942076 0.0002373069 0.09902562 0.0008103358
1.32 0.9942156 0.0002401717 0.1113869 0.0007358527
1.34 0.9928875 0.0002824832 0.1174854 0.0007749526
1.36 0.9924075 0.0002748768 0.127006 0.0009252088
1.38 0.9923275 0.0002908433 0.1359737 0.0009135045
1.4 0.9909034 0.0003377344 0.1447288 0.0009841216
1.42 0.9904394 0.0003294232 0.1556674 0.00103579
1.44 0.9896553 0.0003372554 0.1662531 0.001193317
1.46 0.9884393 0.0003754646 0.1741775 0.001223099
1.48 0.9873112 0.0003668056 0.1869123 0.001212941
1.5 0.9865431 0.0003961423 0.1961202 0.001234602
1.52 0.985031 0.000430304 0.2117595 0.001514956
1.54 0.984535 0.0004266905 0.2209136 0.001414253
1.56 0.9823189 0.0004649661 0.2365902 0.001875018
1.58 0.9812788 0.0005060067 0.2496098 0.001522921
1.6 0.9793187 0.0005206017 0.2640113 0.001805101
1.62 0.9785906 0.0005136972 0.2781306 0.002118465
1.64 0.9781506 0.0005339128 0.2958192 0.001845615
1.66 0.9750624 0.0005844003 0.3059503 0.001827029
1.68 0.9697661 0.0006773968 0.3241534 0.0025577
1.7 0.969158 0.000677466 0.3407747 0.002467253
1.72 0.9676539 0.0007933102 0.3598491 0.002246521
1.74 0.9632776 0.000768225 0.3785643 0.002762832
1.76 0.9632216 0.0007671635 0.398682 0.002932875
1.78 0.9588534 0.0008729454 0.4198512 0.003329534
1.8 0.9545971 0.0009771712 0.4373783 0.003498264
1.82 0.9540851 0.001049465 0.4672909 0.003915127
1.84 0.9506048 0.001062024 0.4776944 0.003117718
1.86 0.9438684 0.001116975 0.5149103 0.00478462
1.88 0.9456285 0.001034257 0.5337628 0.004474029
1.9 0.9365799 0.001247044 0.5600543 0.004428298
1.92 0.9329477 0.001198852 0.58816 0.004949848
1.94 0.9345078 0.001282485 0.6254176 0.005581074
1.96 0.9283314 0.001455121 0.6508197 0.005457173
1.98 0.9200429 0.001559732 0.6906018 0.006743611
2 0.9075621 0.001731535 0.7106523 0.005870237
2.02 0.8958653 0.002003208 0.7431752 0.005896156
2.04 0.8998816 0.001688995 0.7804779 0.007189338
2.06 0.8736319 0.002341534 0.8247256 0.007800662
2.08 0.8847206 0.002107327 0.8483613 0.007768168
2.1 0.8760001 0.002174918 0.8905545 0.00724327
2.12 0.8639433 0.002353416 0.9308688 0.007545389
2.14 0.8478303 0.002657705 0.9483552 0.006268292
2.16 0.8545347 0.002206471 0.9913996 0.006272438
2.18 0.827725 0.002876781 1.023008 0.007454221
2.2 0.8117079 0.002997049 1.054422 0.007247604
2.22 0.8017393 0.003175265 1.088557 0.007463277
2.24 0.8108439 0.002841005 1.099782 0.00661055
2.26 0.7865623 0.003181681 1.135211 0.006614171
2.28 0.7647929 0.003577882 1.147717 0.006115232
2.3 0.7633929 0.003459188 1.181219 0.006580811
2.32 0.7548803 0.003202531 1.170515 0.005858221
2.34 0.7127096 0.003862591 1.186554 0.005321138
2.36 0.7107495 0.003944926 1.184357 0.005001555
2.38 0.7010769 0.00373136 1.18173 0.005207576
2.4 0.7019489 0.003584792 1.175753 0.004883344
2.42 0.6730831 0.003850987 1.172186 0.004745351
2.44 0.6177755 0.004351265 1.160156 0.004373265
2.46 0.6231439 0.004218419 1.145034 0.003850521
2.48 0.640729 0.004172085 1.119625 0.003822409
2.5 0.593734 0.004119728 1.093176 0.003675904
2.52 0.6010465 0.004236413 1.068285 0.003575827
2.54 0.5795571 0.004284319 1.039375 0.003537166
2.56 0.530474 0.004292799 1.022721 0.003868649
2.58 0.5513713 0.004197027 0.9884667 0.003618941
2.6 0.5510193 0.004226511 0.9566588 0.003209373
2.62 0.5532754 0.004152109 0.9274356 0.003923936
2.64 0.4986879 0.004240068 0.8970662 0.003627107
2.66 0.4905994 0.004324878 0.8670251 0.003492723
2.68 0.46855 0.004116968 0.8379226 0.003574046
2.7 0.4889833 0.004182482 0.8159139 0.003777712
2.72 0.4774066 0.004018362 0.7797054 0.003636013
2.74 0.4551971 0.0040946 0.760565 0.003475235
2.76 0.4513809 0.004129476 0.7270259 0.002846695
2.78 0.4336358 0.003993107 0.7033249 0.003079268
2.8 0.4344278 0.003935229 0.6780373 0.002947499
2.82 0.390753 0.003848624 0.6539758 0.003615981
2.84 0.3943052 0.003797693 0.62843 0.002998953
2.86 0.4016657 0.003862756 0.6143664 0.002607947
2.88 0.3786082 0.003900977 0.5866191 0.002763466
2.9 0.3735359 0.003772124 0.5694675 0.002922212
2.92 0.3722878 0.003827487 0.5477761 0.00281883
2.94 0.3517745 0.003642715 0.5345064 0.002204101
2.96 0.3419339 0.003701236 0.5141677 0.002498945
2.98 0.3554627 0.003556615 0.5023086 0.002530064
3 0.3424939 0.003566045 0.4865735 0.002748797
3.02 0.3385257 0.003590116 0.4686104 0.002143628
3.04 0.3184044 0.003431749 0.4511176 0.001884352
3.06 0.3339414 0.003442779 0.445547 0.001783017
3.08 0.3423579 0.003594592 0.4282658 0.001896913
3.1 0.3292851 0.003514084 0.4209224 0.002082835
3.12 0.3069716 0.003363383 0.4056802 0.002016713
3.14 0.312404 0.003310511 0.3962937 0.002080328
3.16 0.2992031 0.003251938 0.3843857 0.001533714
3.18 0.3021953 0.003312862 0.3748385 0.001452608
3.2 0.3014033 0.003291591 0.3642575 0.0016895
3.22 0.2930028 0.003205266 0.3551873 0.001452286
3.24 0.2854823 0.003109631 0.3507767 0.001525998
3.26 0.2694332 0.003000229 0.3385453 0.001444212
3.28 0.2847622 0.003089189 0.3326252 0.001482739
3.3 0.2707773 0.002974645 0.3217093 0.001478201
3.32 0.281314 0.003119851 0.3159619 0.001253918
3.34 0.2623528 0.002966062 0.3080089 0.00120284
3.36 0.2677851 0.002988208 0.3019318 0.001307637
3.38 0.280818 0.00307627 0.2965834 0.001123859
3.4 0.2621528 0.002982488 0.2901046 0.001262386
3.42 0.2749616 0.003082865 0.2840264 0.001158266
3.44 0.2473278 0.002878867 0.2751195 0.001088363
3.46 0.250616 0.002892995 0.27329 0.001002895
3.48 0.2642969 0.002964462 0.2678329 0.0009325505
3.5 0.2469838 0.002800163 0.2618432 0.0009288778
3.52 0.2515041 0.00281328 0.2555385 0.0008193844
3.54 0.2560644 0.002883459 0.2524438 0.000930745
3.56 0.2523762 0.00281623 0.247532 0.0008053476
3.58 0.2437516 0.002870265 0.2440962 0.0008838598
3.6 0.2398714 0.002613826 0.2380741 0.0007731298
3.62 0.2230703 0.002647714 0.2350226 0.0008079966
3.64 0.2311348 0.002676461 0.2299739 0.0007637534
3.66 0.2293827 0.002601247 0.2258025 0.000763998
3.68 0.2302867 0.002632517 0.2218657 0.0007808747
3.7 0.2366551 0.002708852 0.2193724 0.0006925617
3.72 0.2320469 0.002656324 0.2148764 0.0006198663
3.74 0.2257825 0.002606414 0.2104309 0.00070868
3.76 0.218238 0.002535228 0.2086146 0.0006351485
3.78 0.2252224 0.002658428 0.2046132 0.0005953302
3.8 0.2158858 0.002530201 0.2017582 0.0006208769
3.82 0.2250064 0.002585409 0.198966 0.0006704404
3.84 0.2238383 0.002594861 0.196765 0.0006695317
3.86 0.2228303 0.002596328 0.1920332 0.0005751553
3.88 0.2153498 0.002518583 0.1893385 0.0006817404
3.9 0.2065092 0.002452841 0.1861601 0.0005058693
3.92 0.2141737 0.002494418 0.1838345 0.0005078712
3.94 0.2115255 0.002437207 0.1817343 0.0005072103
3.96 0.2125816 0.002478904 0.1786445 0.0005810179
3.98 0.2124056 0.002525426 0.1757411 0.0005414101
4 0.2066292 0.002443857 0.1741707 0.0005382186
4.02 0.2119496 0.002486101 0.1722755 0.00055218
4.04 0.2022849 0.002385678 0.1687732 0.0004488756
4.06 0.2023249 0.002326154 0.1668614 0.000487568
4.08 0.2014609 0.002368117 0.164999 0.0003933325
4.1 0.1976927 0.002311531 0.1629966 0.0004546016
4.12 0.2005168 0.002418608 0.1608279 0.0004762279
4.14 0.2044851 0.002414871 0.1585501 0.0004529832
4.16 0.1940924 0.002274203 0.1557872 0.0004849372
4.18 0.1965806 0.00231132 0.1546049 0.0004482568
4.2 0.1974606 0.002295355 0.1526298 0.0003960942
4.22 0.1995488 0.002343417 0.1506998 0.0003961492
4.24 0.1956685 0.002301675 0.1494145 0.0004374296
4.26 0.1925963 0.002244669 0.1464424 0.0003791784
4.28 0.1913882 0.002243534 0.1454066 0.0004196246
4.3 0.1846838 0.002225125 0.1435172 0.0004000355
4.32 0.1931964 0.002292537 0.1412306 0.0003531067
4.34 0.1937084 0.002285373 0.1394733 0.0003725838
4.36 0.1925243 0.002211053 0.1375876 0.0003506362
4.38 0.1915323 0.002296704 0.1362342 0.0004029111
4.4 0.1857079 0.002189557 0.1344741 0.0003481738
4.42 0.1908202 0.002272862 0.1333441 0.0003490125
4.44 0.1851558 0.002177331 0.1309331 0.0003367568
4.46 0.1862039 0.002220964 0.1301021 0.0003155976
4.48 0.1849478 0.002196763 0.1288512 0.0003412202
4.5 0.1865319 0.002227554 0.1268857 0.0003490333
4.52 0.1841398 0.002140086 0.1261629 0.0003304822
4.54 0.1815156 0.00214152 0.1242887 0.0003257062
4.56 0.1807956 0.002139598 0.1224989 0.0003349024
4.58 0.1822917 0.002142502 0.1214529 0.0003515623
4.6 0.172387 0.002123702 0.1206455 0.0003053661
4.62 0.1821317 0.002138783 0.1188711 0.0003169444
4.64 0.1783474 0.002112271 0.1180694 0.0002940651
4.66 0.1829237 0.002142887 0.1167185 0.0003256096
4.68 0.1784354 0.002119854 0.1149419 0.0002707593
4.7 0.1742592 0.002078252 0.1137919 0.0003153103
4.72 0.1804916 0.002154375 0.1126034 0.0002875599
4.74 0.1811076 0.002078803 0.1117391 0.0002816907
4.76 0.1768513 0.00212921 0.1104582 0.0002734425
4.78 0.1747712 0.002089573 0.1098671 0.0003203276
4.8 0.1732911 0.002046919 0.1081879 0.0002934376
4.82 0.171483 0.002041117 0.1070616 0.0002333065
4.84 0.1750672 0.002047189 0.1058962 0.0002739328
4.86 0.1729551 0.002057234 0.1044118 0.0002633611
4.88 0.171571 0.002005308 0.1035409 0.0002642329
4.9 0.1780354 0.002107413 0.1030276 0.0002819159
4.92 0.1706509 0.001985425 0.1018581 0.0002626746
4.94 0.1694828 0.002042805 0.1010351 0.0002463607
4.96 0.1708589 0.00204623 0.1000625 0.0002324844
4.98 0.1728351 0.002079653 0.09908809 0.0002407436
5 0.1670827 0.002000874 0.09742463 0.0002744984
5.02 0.1696669 0.001980656 0.09687519 0.0002678628
5.04 0.1641465 0.001968607 0.09573828 0.0002163719
5.06 0.1680268 0.001942746 0.09520169 0.0002514342
5.08 0.1707149 0.001999826 0.09429098 0.0002457378
5.1 0.1665147 0.002048187 0.09303399 0.0002386031
5.12 0.1701229 0.002024339 0.09252773 0.0002165949
5.14 0.1670187 0.001950455 0.09140074 0.0002326166
5.16 0.1642985 0.001974894 0.09114457 0.0002162539
5.18 0.1652186 0.001935781 0.09020386 0.0002168803
5.2 0.1610583 0.001955213 0.08909348 0.0001911752
5.22 0.1684188 0.002001547 0.08845001 0.0001994982
5.24 0.156906 0.001898909 0.08741812 0.0002188569
5.26 0.1546259 0.001860054 0.08666486 0.0001927323
5.28 0.1624504 0.001911021 0.08567956 0.0002272369
5.3 0.1633545 0.001973389 0.08511351 0.0002109197
5.32 0.1648425 0.00198204 0.08452373 0.0001897762
5.34 0.1649386 0.001971831 0.08329595 0.0002060667
5.36 0.1609063 0.001961762 0.08295962 0.0002326674
5.38 0.1587782 0.00191305 0.08253789 0.0001830855
5.4 0.1594822 0.001868496 0.0812767 0.000195241
5.42 0.1601222 0.001937413 0.08070907 0.0002273629
5.44 0.1609063 0.001895079 0.08002578 0.000197385
5.46 0.1610503 0.001892892 0.07945615 0.0002020889
5.48 0.1579861 0.001900908 0.07843523 0.0002164856
5.5 0.1593542 0.001884413 0.07799045 0.000189629
5.52 0.1576101 0.001916529 0.0772899 0.0001652487
5.54 0.1620984 0.001903453 0.07659917 0.0001868968
5.56 0.1586342 0.001900307 0.07628549 0.0002090373
5.58 0.1575381 0.001886601 0.07558207 0.0001734521
5.6 0.157002 0.001839487 0.07486973 0.000173924
5.62 0.1570501 0.001864196 0.07443066 0.0001737229
5.64 0.156914 0.001872107 0.07330252 0.0001684254
5.66 0.1580341 0.001856158 0.07289844 0.0001924252
5.68 0.156362 0.001828007 0.07243209 0.0001853647
5.7 0.1592262 0.001907591 0.07175953 0.0001611535
5.72 0.156034 0.001858166 0.07112379 0.0001702029
5.74 0.1586582 0.001869927 0.0704874 0.0001688595
5.76 0.157026 0.001878819 0.07000896 0.0001703321
5.78 0.1526258 0.001835319 0.06928855 0.0001585205
5.8 0.1526898 0.00177738 0.06880041 0.0001620647
5.82 0.155474 0.001885553 0.0684691 0.0001482438
5.84 0.1528258 0.001791884 0.0679881 0.0001620569
5.86 0.1525458 0.001830319 0.06737276 0.0001731073
5.88 0.1573221 0.00188125 0.06663892 0.0001486669
5.9 0.155554 0.001828901 0.06650528 0.0001454985
5.92 0.1520497 0.00182756 0.06582553 0.0001621954
5.94 0.1505136 0.001804561 0.06525135 0.0001513364
5.96 0.1512737 0.001812234 0.06465004 0.0001654534
5.98 0.1467054 0.001795266 0.06407865 0.0001578172
6 0.1488175 0.00176614 0.06346307 0.0001587182
