0.500000 0.999968 0.000011 0.007051 0.000313
0.520000 0.999944 0.000015 0.007237 0.000246
0.540000 0.999908 0.000019 0.006893 0.000259
0.560000 0.999908 0.000019 0.006465 0.000226
0.580000 0.999968 0.000011 0.005393 0.000217
0.600000 0.999972 0.000011 0.005346 0.000186
0.620000 0.999920 0.000018 0.005050 0.000159
0.640000 0.999936 0.000016 0.004779 0.000173
0.660000 0.999948 0.000014 0.004272 0.000139
0.680000 0.999940 0.000015 0.004115 0.000144
0.700000 0.999932 0.000016 0.004081 0.000156
0.720000 0.999944 0.000015 0.003614 0.000127
0.740000 0.999904 0.000020 0.003683 0.000136
0.760000 0.999944 0.000015 0.003465 0.000136
0.780000 0.999876 0.000023 0.006869 0.000184
0.800000 0.999880 0.000022 0.006389 0.000189
0.820000 0.999892 0.000021 0.006225 0.000153
0.840000 0.999864 0.000023 0.008553 0.000188
0.860000 0.999792 0.000029 0.008428 0.000203
0.880000 0.999748 0.000034 0.010827 0.000189
0.900000 0.999696 0.000035 0.012817 0.000251
0.920000 0.999556 0.000042 0.014735 0.000202
0.940000 0.999564 0.000043 0.016692 0.000269
0.960000 0.999504 0.000046 0.018293 0.000249
0.980000 0.999372 0.000053 0.021656 0.000274
1.000000 0.999148 0.000059 0.023379 0.000312
1.020000 0.999156 0.000059 0.026778 0.000268
1.040000 0.998828 0.000072 0.030159 0.000298
1.060000 0.998756 0.000076 0.034619 0.000314
1.080000 0.998708 0.000074 0.037075 0.000301
1.100000 0.998372 0.000087 0.041824 0.000374
1.120000 0.998156 0.000096 0.046394 0.000402
1.140000 0.998080 0.000095 0.052099 0.000390
1.160000 0.997824 0.000104 0.057203 0.000378
1.180000 0.997208 0.000115 0.063040 0.000475
1.200000 0.997252 0.000111 0.067205 0.000452
1.220000 0.996460 0.000128 0.074516 0.000463
1.240000 0.996368 0.000132 0.079491 0.000511
1.260000 0.995248 0.000154 0.088180 0.000553
1.280000 0.995272 0.000162 0.094067 0.000520
1.300000 0.994140 0.000179 0.102811 0.000594
1.320000 0.994156 0.000176 0.108867 0.000521
1.340000 0.993592 0.000181 0.118388 0.000545
1.360000 0.993012 0.000189 0.126997 0.000665
1.380000 0.992304 0.000204 0.135155 0.000688
1.400000 0.991311 0.000218 0.144873 0.000664
1.420000 0.990627 0.000248 0.154008 0.000700
1.440000 0.989975 0.000237 0.164517 0.000954
1.460000 0.989471 0.000241 0.174658 0.000819
1.480000 0.987767 0.000285 0.186132 0.000852
1.500000 0.986951 0.000278 0.198440 0.001013
1.520000 0.984791 0.000298 0.209759 0.001262
1.540000 0.984295 0.000302 0.223246 0.000840
1.560000 0.981691 0.000340 0.235353 0.001239
1.580000 0.981035 0.000366 0.249352 0.001057
1.600000 0.980395 0.000376 0.262956 0.001314
1.620000 0.977595 0.000384 0.274633 0.001060
1.640000 0.976142 0.000437 0.292371 0.001198
1.660000 0.972290 0.000550 0.307116 0.001479
1.680000 0.971962 0.000442 0.326408 0.001662
1.700000 0.969534 0.000479 0.341159 0.001759
1.720000 0.965578 0.000558 0.360851 0.002029
1.740000 0.965530 0.000526 0.375506 0.001629
1.760000 0.963434 0.000558 0.398075 0.001756
1.780000 0.958977 0.000738 0.421656 0.002120
1.800000 0.955377 0.000687 0.439339 0.002260
1.820000 0.952085 0.000721 0.459287 0.002293
1.840000 0.954237 0.000611 0.481528 0.002646
1.860000 0.942828 0.000818 0.510456 0.002824
1.880000 0.942436 0.000829 0.538244 0.003176
1.900000 0.938516 0.000851 0.564623 0.003392
1.920000 0.935756 0.000930 0.584671 0.003257
1.940000 0.921391 0.001171 0.622312 0.003604
1.960000 0.925751 0.000971 0.647476 0.003576
1.980000 0.919603 0.001001 0.676326 0.004417
2.000000 0.910526 0.001264 0.717032 0.004303
2.020000 0.907510 0.001200 0.743949 0.005006
2.040000 0.895085 0.001406 0.784021 0.004905
2.060000 0.890313 0.001298 0.818477 0.004319
2.080000 0.879092 0.001549 0.847254 0.004686
2.100000 0.872456 0.001580 0.876124 0.005447
2.120000 0.853219 0.001938 0.926154 0.005759
2.140000 0.860995 0.001615 0.966981 0.005507
2.160000 0.845546 0.001930 0.996472 0.005064
2.180000 0.834881 0.001888 1.019763 0.005659
2.200000 0.839614 0.001846 1.045483 0.005313
2.220000 0.823193 0.001982 1.083636 0.004888
2.240000 0.798603 0.002224 1.113047 0.004493
2.260000 0.789495 0.002226 1.129725 0.004959
2.280000 0.781782 0.002254 1.152248 0.005002
2.300000 0.749420 0.002570 1.174830 0.004432
2